7!=                                    5
                                      040

12!=                                   4
                                      790
                                     01600

18!=                                   6
                                      402
                                     37370
                                    5728000

32!=                                   2
                                      631
                                     30836
                                    9336935
                                   301672180
                                  12160000000

59!=                                   1
                                      386
                                     83118
                                    5456898
                                   357379390
                                  19720389406
                                 3459028767726
                                874325408212949
                               40160000000000000

81!=                                   5
                                      797
                                     12602
                                    0747367
                                   985879734
                                  23157810910
                                 5412357244731
                                625958745865049
                               71639017969389205
                              6256184534249745940
                             480000000000000000000

105!=                                  1
                                      081
                                     39675
                                    8240290
                                   900504101
                                  30580032964
                                 9720646107774
                                902579144176636
                               57322653190990515
                              3326984536526808240
                             339776398934872029657
                            99387290781343681609728
                           0000000000000000000000000

132!=                                  1
                                      118
                                     24865
                                    1196004
                                   307449963
                                  07607616902
                                 9975624755718
                                426338384121675
                               68361169672820118
                              4540457302606885100
                             879909271961049626854
                            62595837360336094267205
                           1349482503890324619249097
                          666077159240864892977152000
                         00000000000000000000000000000

228!=                                  1
                                      473
                                     05625
                                    6822997
                                   000534113
                                  21414330386
                                 2239216277006
                                936275926327040
                               88569288259756782
                              6011610404527153210
                             064327701218813752102
                            00004756160395451976351
                           7313455916721911012154801
                          775164095536353170581052786
                         24636874042664748997087154755
                        2578055022383451328376336289250
                       644035796617370004176557360043071
                      89261765821776231743228820643766417
                     9340724477219047546933477839477929727
                    390849074948805124895539200000000000000
                   00000000000000000000000000000000000000000

265!=                                  4
                                      819
                                     12654
                                    5189115
                                   249857996
                                  73096098625
                                 1533770366331
                                857368957615661
                               22079862858507378
                              3914483646725867739
                             687622506357324016053
                            14556277009425137313834
                           2249823796037665437601798
                          081131855895322030484177741
                         46830000703266315081974418495
                        5559651767542496475389355118285
                       513974736072922389456001325563316
                      20789239810191658287974310810793914
                     8132077795838145760036747741540454073
                    780369029353490610439673321239056214465
                   84785900988494849259599220920142079564131
                  2843663252108238808678400000000000000000000
                 000000000000000000000000000000000000000000000

284!=                                  1
                                      068
                                     19920
                                    5982421
                                   242104897
                                  70560509239
                                 3401250688731
                                299409134777712
                               64793225492627085
                              9595223252323884456
                             941016154881562748686
                            32141498325375407648235
                           2388431259087415283483524
                          416410974523385796469698572
                         29474618545160297794381172076
                        4087818278240731814511912148902
                       440026639945143009970428206174329
                      06802783189323120503259605070230385
                     2720774035704233968346954439294540392
                    414872939199943780775291940410138178955
                   02702414133840745562289507591459979165996
                  8677446483351938090351014661170060807617275
                 294491567358142169743360000000000000000000000
                00000000000000000000000000000000000000000000000

304!=                                  2
                                      562
                                     67005
                                    6623153
                                   451423677
                                  97341703535
                                 4328950279824
                                180156487423408
                               73054661614406128
                              5813096164275856424
                             598104985630040740000
                            19277715595324743207787
                           8965892432910120344156730
                          272017098395658100902455737
                         03991839466978011998630094076
                        5256877587704596362126080738127
                       469212073404208021620384606064265
                      24246655705649528902666392854770831
                     6864466750154334166084937176952634738
                    209782162189316051268781134845392696699
                   36750840511134819589693232742534001171237
                  0959923072096272284289267026781455056494522
                 145656026610410833076549888797913349100200027
                19664971870425359319040000000000000000000000000
               0000000000000000000000000000000000000000000000000

367!=                                  3
                                      372
                                     03677
                                    1958400
                                   039050868
                                  74322792918
                                 5413243013690
                                294786445860731
                               63518437869811275
                              6084378871004932140
                             538946217609595868350
                            36362952943330243387448
                           8708494849446309879488443
                          868828230796605311785355776
                         66005506985835033292216539170
                        5672349569747403735461427857703
                       174579866555616160436127002592265
                      62118441286300214397125879045748841
                     8112000647742021886793409323183687542
                    572303799436810188706120375744011866490
                   64611510721160956141624011192349230052349
                  8935691576414259624404619626657511620766971
                 393544374766900832782845716821277419412266101
                49170701467043058193721044815200351192194161826
               3028083057959835419080328809523513393996950838472
              313620431867686714160604745230909080090897915624547
             48071306367986565120000000000000000000000000000000000
            0000000000000000000000000000000000000000000000000000000

389!=                                  1
                                      753
                                     87737
                                    8815950
                                   416386202
                                  47402616653
                                 2388413660197
                                509064272081518
                               02114727154260144
                              3656302969578401027
                             460448877980079473862
                            08106355537731784331915
                           3054682366587156105546206
                          386146296772520361054596013
                         11222839544919525158723803135
                        0676656258548962517106883940772
                       927347981921725876711405485436768
                      48785178376334650087606503930912185
                     4571148109501774777202426679549988052
                    936574804636158769134587929018584552248
                   40187848463489562186198128426431506562782
                  5517962690484956227350863577728044727601491
                 165294906271102742343576459399512723226365524
                39393061864821656026432988759178326602407251341
               1422634860677622116056417804983939592923595203898
              591960201127084034559206097960336084007453434536919
             64666891160142967597834712570949892633201799684731772
            1521639567812198400000000000000000000000000000000000000
           000000000000000000000000000000000000000000000000000000000

435!=                                  3
                                      492
                                     56830
                                    2586660
                                   806842386
                                  85644450366
                                 2583831103151
                                963270426674621
                               63566080529956018
                              3857848472606235709
                             176324928135785566272
                            10513583736659420983358
                           5558814363070358182977612
                          857455917157286297601930479
                         38748560900147651237435108308
                        8365377784169915352975335084319
                       635370903975632739983741242649476
                      84385386870196126125311677526427434
                     8981987957119039507360300228357035955
                    173885996157115526098729828404721462985
                   30605040179986257364202144669123852599943
                  5460350042106751240907334171804238735464810
                 910923810913945050163802642367621133340691998
                26747709843570689532597489119837029971226119555
               1012031474431244218362172072588213371168354554350
              818601891065298718997398955163820787133992141684668
             11046696681620165593628471367737914345618554919169504
            9295489799131242940854594666503625143075761843676694277
           917440340060421461969945168877545057327721119527524596359
          86098206801920000000000000000000000000000000000000000000000
         0000000000000000000000000000000000000000000000000000000000000

483!=                                  2
                                      105
                                     56097
                                    7928640
                                   686077020
                                  40959842925
                                 6203409042434
                                713170629718706
                               43722638167215220
                              1867748257481306279
                             267511552433511259999
                            33236099076464057878798
                           9451907051971918232772031
                          669014885083218179617143450
                         33020915723087034015785222367
                        7645332103658167861005085761595
                       665158328012997402055303702480420
                      09967316006474520104492343645441186
                     5648250318391860960846962959083147217
                    089736960033638187908444322509497540077
                   21749486863737330785907194176489393533273
                  3265378912721773980594160771236670465287198
                 888391897511468751696131148144359460367312380
                24866024297261264470624556187805618659531339056
               6073598236549866346454854426134444940065453253289
              990251409506474006530422594069605748281477371970098
             62487900173344288005410309082365916222782923044672378
            6472033663414143311794753651609891508875479439487689725
           462029287840713058233781487873159740021489406101753511985
          98173452515051919206829234517664118647499580718411103260146
         3081238511533511568286703903728209562650096169131818907790657
        239751065600000000000000000000000000000000000000000000000000000
       00000000000000000000000000000000000000000000000000000000000000000

508!=                                  5
                                      119
                                     90692
                                    7755879
                                   266003615
                                  25819185379
                                 7984360677298
                                470133958906714
                               46011174633964398
                              5839112233165772956
                             548496166254935516795
                            14565079522588677608012
                           6423489045662147453126349
                          825790036437158643266482002
                         88113505694916924243929121639
                        7995123320680205388149829536720
                       697546589338105120020005674705145
                      28641409978978956631664608452253922
                     2182139322091260889711710217500934598
                    659546487929459214735007200769105667735
                   54074289548655659977226200540160335058131
                  8365384235510714071491098835812736588922795
                 511456461421254773804907853073384484888784090
                75030962875912509521999525292598359880846423952
               3931204111818280979213544777644751538435208774603
              088477116032223651164439419220002073567325180151958
             35354728897604905269289015307797618984464654042934912
            7882733479825616955531216107050271401259459875249508169
           440013327395316887000833911764483284987619075088343797786
          47371945157918046252226969546616811434035461815792968273198
         2545625613705049834238544557702694536385292145346080336071424
        289160111720849018903249047529128422886467764267877861568498090
       42964480000000000000000000000000000000000000000000000000000000000
      0000000000000000000000000000000000000000000000000000000000000000000
