Merlin magic square of 41 

  9 12 18  2

 17  3  8 13

  4 20 10  7

 11  6  5 19

Merlin magic square of 47 

 11 14 18  4

 17  5 10 15

  6 20 12  9

 13  8  7 19

Merlin magic square of 69 

 16 19 25  9

 24 10 15 20

 11 27 17 14

 18 13 12 26

Merlin magic square of 73 

 17 20 26 10

 25 11 16 21

 12 28 18 15

 19 14 13 27

Merlin magic square of 88 

 21 24 29 14

 28 15 20 25

 16 31 22 19

 23 18 17 30

Merlin magic square of 100 

  24  27  32  17

  31  18  23  28

  19  34  25  22

  26  21  20  33

Merlin magic square of 1941 

  484  487  493  477

  492  478  483  488

  479  495  485  482

  486  481  480  494

Merlin magic square of 1942 

  485  488  491  478

  490  479  484  489

  480  493  486  483

  487  482  481  492

Merlin magic square of 1967 

  491  494  498  484

  497  485  490  495

  486  500  492  489

  493  488  487  499

Merlin magic square of 1972 

  492  495  500  485

  499  486  491  496

  487  502  493  490

  494  489  488  501

Merlin magic square of 2000 

  499  502  507  492

  506  493  498  503

  494  509  500  497

  501  496  495  508

Merlin magic square of 2004 

  500  503  508  493

  507  494  499  504

  495  510  501  498

  502  497  496  509

Merlin magic square of 2005 

  500  503  509  493

  508  494  499  504

  495  511  501  498

  502  497  496  510

Merlin magic square of 20052005 

   5013000   5013003   5013009   5012993

   5013008   5012994   5012999   5013004

   5012995   5013011   5013001   5012998

   5013002   5012997   5012996   5013010

Merlin magic square of 99999999 

  24999999  25000002  25000006  24999992

  25000005  24999993  24999998  25000003

  24999994  25000008  25000000  24999997

  25000001  24999996  24999995  25000007

