MERCURY
 0 
 0 
 3 
 2 
 10 
 2 
 17 
 2 
 24 
 2 
 100 
 15 
 90 
 220 
 390 
 80 
 2 
 1 
 3 
PEKING
 28 
 0 
 31 
 2 
 38 
 2 
 45 
 2 
 52 
 2 
 120 
 17 
 106 
 260 
 460 
 90 
 2 
 2 
 2 
DELAWARE
 56 
 0 
 59 
 2 
 66 
 2 
 73 
 2 
 80 
 2 
 130 
 18 
 114 
 280 
 495 
 100 
 2 
 3 
 1 
VERMONT
 84 
 0 
 87 
 2 
 94 
 2 
 101 
 2 
 108 
 2 
 130 
 18 
 114 
 280 
 495 
 100 
 2 
 3 
 1 
CHINA
 112 
 0 
 115 
 2 
 122 
 2 
 129 
 2 
 136 
 2 
 140 
 19 
 122 
 300 
 530 
 110 
 2 
 4 
 4 
JUPITER
 140 
 0 
 143 
 2 
 150 
 2 
 157 
 2 
 164 
 2 
 150 
 20 
 130 
 320 
 565 
 120 
 2 
 5 
 14 
TOKYO
 168 
 0 
 171 
 2 
 178 
 2 
 185 
 2 
 192 
 2 
 160 
 21 
 138 
 340 
 600 
 120 
 2 
 2 
 2 
IDAHO
 196 
 0 
 199 
 2 
 206 
 2 
 213 
 2 
 220 
 2 
 170 
 22 
 146 
 360 
 635 
 130 
 2 
 6 
 5 
UTAH
 224 
 0 
 227 
 2 
 234 
 2 
 241 
 2 
 248 
 2 
 170 
 22 
 146 
 360 
 635 
 130 
 2 
 6 
 5 
JAPAN
 252 
 0 
 255 
 2 
 262 
 2 
 269 
 2 
 276 
 2 
 180 
 23 
 154 
 380 
 670 
 140 
 2 
 4 
 4 
EARTH
 280 
 0 
 283 
 2 
 290 
 2 
 297 
 2 
 304 
 2 
 200 
 25 
 170 
 420 
 740 
 160 
 2 
 7 
 6 
ROME
 280 
 18 
 283 
 20 
 290 
 20 
 297 
 20 
 304 
 20 
 220 
 27 
 186 
 460 
 810 
 170 
 2 
 8 
 2 
MONTANA
 280 
 36 
 283 
 38 
 290 
 38 
 297 
 38 
 304 
 38 
 230 
 28 
 194 
 480 
 845 
 180 
 2 
 9 
 1 
WYOMING
 280 
 54 
 283 
 56 
 290 
 56 
 297 
 56 
 304 
 56 
 230 
 28 
 194 
 480 
 845 
 180 
 2 
 9 
 1 
ENGLAND
 280 
 72 
 283 
 74 
 290 
 74 
 297 
 74 
 304 
 74 
 240 
 29 
 202 
 500 
 880 
 190 
 2 
 10 
 4 
NEPTUNE
 280 
 90 
 283 
 92 
 290 
 92 
 297 
 92 
 304 
 92 
 250 
 30 
 210 
 520 
 915 
 200 
 2 
 11 
 14 
ATHENS
 280 
 108 
 283 
 110 
 290 
 110 
 297 
 110 
 304 
 110 
 260 
 31 
 218 
 540 
 950 
 200 
 2 
 8 
 2 
WASHINGTON
 280 
 126 
 283 
 128 
 290 
 128 
 297 
 128 
 304 
 128 
 270 
 32 
 226 
 560 
 985 
 210 
 2 
 12 
 5 
OREGON
 280 
 144 
 283 
 146 
 290 
 146 
 297 
 146 
 304 
 146 
 270 
 32 
 226 
 560 
 985 
 210 
 2 
 12 
 5 
AUSTRALIA
 280 
 162 
 283 
 164 
 290 
 164 
 297 
 164 
 304 
 164 
 280 
 33 
 234 
 580 
 1020 
 220 
 2 
 10 
 4 
VENUS
 280 
 180 
 283 
 182 
 290 
 182 
 297 
 182 
 304 
 182 
 300 
 35 
 250 
 620 
 1090 
 240 
 2 
 1 
 3 
OSLO
 252 
 180 
 255 
 182 
 262 
 182 
 269 
 182 
 276 
 182 
 320 
 37 
 266 
 660 
 1160 
 250 
 2 
 13 
 2 
KANSAS
 224 
 180 
 227 
 182 
 234 
 182 
 241 
 182 
 248 
 182 
 330 
 38 
 274 
 680 
 1195 
 260 
 2 
 14 
 1 
NEBRASKA
 196 
 180 
 199 
 182 
 206 
 182 
 213 
 182 
 220 
 182 
 330 
 38 
 274 
 680 
 1195 
 260 
 2 
 14 
 1 
GREENLAND
 168 
 180 
 171 
 182 
 178 
 182 
 185 
 182 
 192 
 182 
 340 
 39 
 282 
 700 
 1230 
 270 
 2 
 15 
 4 
SATURN
 140 
 180 
 143 
 182 
 150 
 182 
 157 
 182 
 164 
 182 
 350 
 40 
 290 
 720 
 1265 
 280 
 2 
 5 
 14 
STOCKHOLM
 112 
 180 
 115 
 182 
 122 
 182 
 129 
 182 
 136 
 182 
 360 
 41 
 298 
 740 
 1300 
 280 
 2 
 13 
 2 
FLORIDA
 84 
 180 
 87 
 182 
 94 
 182 
 101 
 182 
 108 
 182 
 370 
 42 
 306 
 760 
 1335 
 290 
 2 
 16 
 5 
CALIFORNIA
 56 
 180 
 59 
 182 
 66 
 182 
 73 
 182 
 80 
 182 
 370 
 42 
 306 
 760 
 1335 
 290 
 2 
 16 
 5 
ICELAND
 28 
 180 
 31 
 182 
 38 
 182 
 45 
 182 
 52 
 182 
 380 
 43 
 314 
 780 
 1370 
 300 
 2 
 15 
 4 
MARS
 0 
 180 
 3 
 182 
 10 
 182 
 17 
 182 
 24 
 182 
 400 
 45 
 330 
 820 
 1440 
 320 
 2 
 7 
 6 
PARIS
 0 
 162 
 3 
 164 
 10 
 164 
 17 
 164 
 24 
 164 
 420 
 47 
 346 
 860 
 1510 
 330 
 2 
 17 
 2 
MINNESOTA
 0 
 144 
 3 
 146 
 10 
 146 
 17 
 146 
 24 
 146 
 430 
 48 
 354 
 880 
 1545 
 340 
 2 
 18 
 1 
TEXAS
 0 
 126 
 3 
 128 
 10 
 128 
 17 
 128 
 24 
 128 
 430 
 48 
 354 
 880 
 1545 
 340 
 2 
 18 
 1 
CANADA
 0 
 108 
 3 
 110 
 10 
 110 
 17 
 110 
 24 
 110 
 440 
 49 
 362 
 900 
 1580 
 350 
 2 
 19 
 4 
PLUTO
 0 
 90 
 3 
 92 
 10 
 92 
 17 
 92 
 24 
 92 
 450 
 50 
 370 
 920 
 1615 
 360 
 2 
 11 
 14 
LONDON
 0 
 72 
 3 
 74 
 10 
 74 
 17 
 74 
 24 
 74 
 460 
 51 
 378 
 940 
 1650 
 360 
 2 
 17 
 2 
COLORADO
 0 
 54 
 3 
 56 
 10 
 56 
 17 
 56 
 24 
 56 
 470 
 52 
 386 
 960 
 1685 
 370 
 2 
 20 
 5 
MICHIGAN
 0 
 36 
 3 
 38 
 10 
 38 
 17 
 38 
 24 
 38 
 470 
 52 
 386 
 960 
 1685 
 370 
 2 
 20 
 5 
AMERICA
 0 
 18 
 3 
 20 
 10 
 20 
 17 
 20 
 24 
 20 
 480 
 53 
 394 
 980 
 1720 
 380 
 2 
 19 
 4 
SELL PROPERTY TO PLAYER
SELL PROPERTY TO BANK
SELL BUILDING
BUILD
BUY PROPERTY
PAY RENT
MORTGAGE
UNMORTGAGE
BANKRUPT
MOVE
END TURN
