 342 
 157 
 346 
 157 
 350 
 156 
 355 
 156 
 359 
 155 
 362 
 154 
 366 
 154 
 369 
 153 
 373 
 152 
 375 
 152 
 378 
 151 
 380 
 150 
 382 
 149 
 384 
 149 
 385 
 148 
 386 
 147 
 387 
 146 
 387 
 146 
 387 
 145 
 386 
 144 
 386 
 144 
 385 
 143 
 383 
 142 
 381 
 142 
 379 
 141 
 377 
 141 
 374 
 141 
 371 
 140 
 368 
 140 
 365 
 140 
 361 
 139 
 357 
 139 
 353 
 139 
 349 
 139 
 345 
 139 
 340 
 139 
 335 
 139 
 331 
 139 
 326 
 139 
 321 
 140 
 316 
 140 
 311 
 140 
 307 
 141 
 302 
 141 
 297 
 142 
 293 
 142 
 289 
 143 
 284 
 143 
 280 
 144 
 277 
 145 
 273 
 145 
 270 
 146 
 266 
 147 
 264 
 147 
 261 
 148 
 259 
 149 
 257 
 150 
 255 
 150 
 254 
 151 
 253 
 152 
 252 
 153 
 252 
 153 
 252 
 154 
 253 
 155 
 253 
 155 
 254 
 156 
 256 
 157 
 258 
 157 
 260 
 158 
 262 
 158 
 265 
 158 
 268 
 159 
 271 
 159 
 274 
 159 
 278 
 160 
 282 
 160 
 286 
 160 
 290 
 160 
 294 
 160 
 299 
 160 
 304 
 160 
 308 
 160 
 313 
 160 
 318 
 159 
 323 
 159 
 328 
 159 
 332 
 158 
 337 
 158 
 355 
 165 
 359 
 164 
 362 
 164 
 365 
 164 
 369 
 163 
 372 
 163 
 375 
 162 
 378 
 162 
 381 
 162 
 384 
 161 
 387 
 161 
 390 
 160 
 393 
 160 
 396 
 159 
 399 
 159 
 401 
 158 
 404 
 158 
 406 
 157 
 409 
 157 
 411 
 156 
 414 
 156 
 416 
 155 
 418 
 155 
 420 
 154 
 422 
 154 
 424 
 153 
 426 
 153 
 428 
 152 
 430 
 151 
 431 
 151 
 433 
 150 
 434 
 150 
 436 
 149 
 437 
 149 
 438 
 148 
 439 
 148 
 440 
 147 
 441 
 147 
 442 
 146 
 443 
 145 
 443 
 145 
 444 
 144 
 444 
 144 
 445 
 143 
 445 
 143 
 445 
 142 
 445 
 142 
 445 
 141 
 445 
 141 
 445 
 140 
 444 
 140 
 444 
 139 
 443 
 139 
 443 
 138 
 442 
 138 
 441 
 138 
 440 
 137 
 439 
 137 
 438 
 136 
 437 
 136 
 435 
 135 
 434 
 135 
 432 
 135 
 431 
 134 
 429 
 134 
 428 
 134 
 426 
 133 
 424 
 133 
 422 
 133 
 420 
 132 
 418 
 132 
 415 
 132 
 413 
 132 
 411 
 131 
 408 
 131 
 406 
 131 
 403 
 131 
 400 
 131 
 398 
 131 
 395 
 130 
 392 
 130 
 389 
 130 
 386 
 130 
 383 
 130 
 380 
 130 
 377 
 130 
 374 
 130 
 371 
 130 
 368 
 130 
 364 
 130 
 361 
 130 
 358 
 130 
 354 
 130 
 351 
 130 
 348 
 130 
 344 
 130 
 341 
 130 
 337 
 130 
 334 
 131 
 330 
 131 
 327 
 131 
 323 
 131 
 320 
 131 
 316 
 132 
 313 
 132 
 309 
 132 
 306 
 132 
 302 
 133 
 299 
 133 
 295 
 133 
 292 
 133 
 289 
 134 
 285 
 134 
 282 
 134 
 279 
 135 
 275 
 135 
 272 
 136 
 269 
 136 
 266 
 136 
 262 
 137 
 259 
 137 
 256 
 138 
 253 
 138 
 250 
 139 
 247 
 139 
 245 
 140 
 242 
 140 
 239 
 140 
 236 
 141 
 234 
 141 
 231 
 142 
 229 
 142 
 226 
 143 
 224 
 144 
 222 
 144 
 220 
 145 
 218 
 145 
 216 
 146 
 214 
 146 
 212 
 147 
 210 
 147 
 208 
 148 
 207 
 148 
 205 
 149 
 204 
 149 
 203 
 150 
 201 
 151 
 200 
 151 
 199 
 152 
 198 
 152 
 197 
 153 
 197 
 153 
 196 
 154 
 195 
 154 
 195 
 155 
 194 
 155 
 194 
 156 
 194 
 156 
 194 
 157 
 194 
 157 
 194 
 158 
 194 
 158 
 195 
 159 
 195 
 159 
 196 
 160 
 196 
 160 
 197 
 161 
 198 
 161 
 198 
 162 
 199 
 162 
 201 
 163 
 202 
 163 
 203 
 163 
 204 
 164 
 206 
 164 
 207 
 164 
 209 
 165 
 211 
 165 
 212 
 165 
 214 
 166 
 216 
 166 
 218 
 166 
 220 
 167 
 223 
 167 
 225 
 167 
 227 
 167 
 230 
 168 
 232 
 168 
 235 
 168 
 237 
 168 
 240 
 168 
 243 
 169 
 245 
 169 
 248 
 169 
 251 
 169 
 254 
 169 
 257 
 169 
 260 
 169 
 263 
 169 
 267 
 169 
 270 
 169 
 273 
 169 
 276 
 169 
 280 
 169 
 283 
 169 
 286 
 169 
 290 
 169 
 293 
 169 
 297 
 169 
 300 
 169 
 303 
 168 
 307 
 168 
 310 
 168 
 314 
 168 
 317 
 168 
 321 
 168 
 324 
 167 
 328 
 167 
 331 
 167 
 335 
 167 
 338 
 166 
 342 
 166 
 345 
 166 
 349 
 165 
 352 
 165 
 367 
 171 
 370 
 170 
 373 
 170 
 376 
 170 
 379 
 169 
 381 
 169 
 384 
 169 
 387 
 168 
 390 
 168 
 392 
 168 
 395 
 167 
 398 
 167 
 400 
 167 
 403 
 166 
 406 
 166 
 408 
 166 
 411 
 165 
 413 
 165 
 416 
 164 
 418 
 164 
 421 
 164 
 423 
 163 
 426 
 163 
 428 
 162 
 430 
 162 
 432 
 162 
 435 
 161 
 437 
 161 
 439 
 160 
 441 
 160 
 443 
 159 
 445 
 159 
 447 
 159 
 449 
 158 
 451 
 158 
 453 
 157 
 455 
 157 
 457 
 156 
 459 
 156 
 461 
 155 
 462 
 155 
 464 
 155 
 466 
 154 
 467 
 154 
 469 
 153 
 470 
 153 
 472 
 152 
 473 
 152 
 474 
 151 
 476 
 151 
 477 
 150 
 478 
 150 
 479 
 149 
 480 
 149 
 482 
 148 
 483 
 148 
 484 
 148 
 484 
 147 
 485 
 147 
 486 
 146 
 487 
 146 
 488 
 145 
 488 
 145 
 489 
 144 
 490 
 144 
 490 
 143 
 491 
 143 
 491 
 142 
 491 
 142 
 492 
 142 
 492 
 141 
 492 
 141 
 492 
 140 
 493 
 140 
 493 
 139 
 493 
 139 
 493 
 139 
 493 
 138 
 492 
 138 
 492 
 137 
 492 
 137 
 492 
 136 
 491 
 136 
 491 
 136 
 491 
 135 
 490 
 135 
 490 
 134 
 489 
 134 
 488 
 134 
 488 
 133 
 487 
 133 
 486 
 133 
 485 
 132 
 484 
 132 
 484 
 131 
 483 
 131 
 482 
 131 
 480 
 130 
 479 
 130 
 478 
 130 
 477 
 129 
 476 
 129 
 474 
 129 
 473 
 129 
 472 
 128 
 470 
 128 
 469 
 128 
 467 
 127 
 465 
 127 
 464 
 127 
 462 
 127 
 460 
 126 
 459 
 126 
 457 
 126 
 455 
 126 
 453 
 125 
 451 
 125 
 449 
 125 
 447 
 125 
 445 
 125 
 443 
 124 
 441 
 124 
 439 
 124 
 437 
 124 
 435 
 124 
 432 
 124 
 430 
 124 
 428 
 123 
 425 
 123 
 423 
 123 
 421 
 123 
 418 
 123 
 416 
 123 
 413 
 123 
 411 
 123 
 408 
 123 
 406 
 123 
 403 
 122 
 400 
 122 
 398 
 122 
 395 
 122 
 392 
 122 
 390 
 122 
 387 
 122 
 384 
 122 
 381 
 122 
 379 
 122 
 376 
 122 
 373 
 122 
 370 
 122 
 367 
 123 
 364 
 123 
 362 
 123 
 359 
 123 
 356 
 123 
 353 
 123 
 350 
 123 
 347 
 123 
 344 
 123 
 341 
 123 
 338 
 123 
 335 
 124 
 332 
 124 
 329 
 124 
 326 
 124 
 323 
 124 
 320 
 124 
 317 
 125 
 314 
 125 
 311 
 125 
 308 
 125 
 305 
 125 
 302 
 126 
 299 
 126 
 296 
 126 
 293 
 126 
 291 
 127 
 288 
 127 
 285 
 127 
 282 
 127 
 279 
 128 
 276 
 128 
 273 
 128 
 270 
 129 
 267 
 129 
 265 
 129 
 262 
 129 
 259 
 130 
 256 
 130 
 253 
 130 
 251 
 131 
 248 
 131 
 245 
 131 
 242 
 132 
 240 
 132 
 237 
 132 
 235 
 133 
 232 
 133 
 229 
 134 
 227 
 134 
 224 
 134 
 222 
 135 
 219 
 135 
 217 
 136 
 215 
 136 
 212 
 136 
 210 
 137 
 208 
 137 
 205 
 138 
 203 
 138 
 201 
 138 
 199 
 139 
 197 
 139 
 195 
 140 
 193 
 140 
 191 
 141 
 189 
 141 
 187 
 142 
 185 
 142 
 183 
 142 
 181 
 143 
 179 
 143 
 178 
 144 
 176 
 144 
 174 
 145 
 173 
 145 
 171 
 146 
 170 
 146 
 168 
 147 
 167 
 147 
 165 
 147 
 164 
 148 
 163 
 148 
 161 
 149 
 160 
 149 
 159 
 150 
 158 
 150 
 157 
 151 
 156 
 151 
 155 
 152 
 154 
 152 
 153 
 153 
 152 
 153 
 152 
 154 
 151 
 154 
 150 
 154 
 150 
 155 
 149 
 155 
 149 
 156 
 148 
 156 
 148 
 157 
 147 
 157 
 147 
 158 
 147 
 158 
 147 
 159 
 146 
 159 
 146 
 159 
 146 
 160 
 146 
 160 
 146 
 161 
 146 
 161 
 147 
 162 
 147 
 162 
 147 
 162 
 147 
 163 
 148 
 163 
 148 
 164 
 149 
 164 
 149 
 164 
 150 
 165 
 150 
 165 
 151 
 166 
 152 
 166 
 152 
 166 
 153 
 167 
 154 
 167 
 155 
 167 
 156 
 168 
 157 
 168 
 158 
 168 
 159 
 169 
 160 
 169 
 161 
 169 
 163 
 170 
 164 
 170 
 165 
 170 
 167 
 171 
 168 
 171 
 170 
 171 
 171 
 171 
 173 
 172 
 174 
 172 
 176 
 172 
 178 
 172 
 179 
 173 
 181 
 173 
 183 
 173 
 185 
 173 
 187 
 174 
 189 
 174 
 191 
 174 
 193 
 174 
 195 
 174 
 197 
 175 
 199 
 175 
 201 
 175 
 203 
 175 
 205 
 175 
 208 
 175 
 210 
 176 
 212 
 176 
 215 
 176 
 217 
 176 
 220 
 176 
 222 
 176 
 224 
 176 
 227 
 176 
 230 
 176 
 232 
 176 
 235 
 176 
 237 
 177 
 240 
 177 
 243 
 177 
 245 
 177 
 248 
 177 
 251 
 177 
 253 
 177 
 256 
 177 
 259 
 177 
 262 
 177 
 265 
 177 
 267 
 177 
 270 
 176 
 273 
 176 
 276 
 176 
 279 
 176 
 282 
 176 
 285 
 176 
 288 
 176 
 291 
 176 
 294 
 176 
 297 
 176 
 299 
 176 
 302 
 175 
 305 
 175 
 308 
 175 
 311 
 175 
 314 
 175 
 317 
 175 
 320 
 174 
 323 
 174 
 326 
 174 
 329 
 174 
 332 
 174 
 335 
 173 
 338 
 173 
 341 
 173 
 344 
 173 
 347 
 173 
 350 
 172 
 353 
 172 
 356 
 172 
 359 
 171 
 362 
 171 
 364 
 171 
 391 
 182 
 393 
 182 
 395 
 182 
 398 
 181 
 400 
 181 
 402 
 181 
 405 
 181 
 407 
 180 
 409 
 180 
 411 
 180 
 414 
 180 
 416 
 179 
 418 
 179 
 420 
 179 
 423 
 178 
 425 
 178 
 427 
 178 
 429 
 178 
 432 
 177 
 434 
 177 
 436 
 177 
 438 
 177 
 440 
 176 
 442 
 176 
 445 
 176 
 447 
 175 
 449 
 175 
 451 
 175 
 453 
 174 
 455 
 174 
 457 
 174 
 459 
 174 
 461 
 173 
 463 
 173 
 465 
 173 
 467 
 172 
 469 
 172 
 471 
 172 
 473 
 171 
 475 
 171 
 477 
 171 
 479 
 170 
 481 
 170 
 483 
 170 
 485 
 169 
 487 
 169 
 489 
 169 
 491 
 168 
 492 
 168 
 494 
 168 
 496 
 167 
 498 
 167 
 500 
 167 
 501 
 166 
 503 
 166 
 505 
 166 
 507 
 165 
 508 
 165 
 510 
 165 
 512 
 164 
 513 
 164 
 515 
 163 
 517 
 163 
 518 
 163 
 520 
 162 
 521 
 162 
 523 
 162 
 525 
 161 
 526 
 161 
 528 
 161 
 529 
 160 
 531 
 160 
 532 
 159 
 533 
 159 
 535 
 159 
 536 
 158 
 538 
 158 
 539 
 158 
 540 
 157 
 542 
 157 
 543 
 156 
 544 
 156 
 546 
 156 
 547 
 155 
 548 
 155 
 549 
 155 
 551 
 154 
 552 
 154 
 553 
 153 
 554 
 153 
 555 
 153 
 556 
 152 
 557 
 152 
 558 
 152 
 559 
 151 
 560 
 151 
 561 
 150 
 562 
 150 
 563 
 150 
 564 
 149 
 565 
 149 
 566 
 149 
 567 
 148 
 568 
 148 
 569 
 147 
 570 
 147 
 570 
 147 
 571 
 146 
 572 
 146 
 573 
 145 
 573 
 145 
 574 
 145 
 575 
 144 
 575 
 144 
 576 
 144 
 577 
 143 
 577 
 143 
 578 
 142 
 578 
 142 
 579 
 142 
 579 
 141 
 580 
 141 
 580 
 141 
 581 
 140 
 581 
 140 
 581 
 139 
 582 
 139 
 582 
 139 
 582 
 138 
 583 
 138 
 583 
 138 
 583 
 137 
 583 
 137 
 584 
 137 
 584 
 136 
 584 
 136 
 584 
 135 
 584 
 135 
 584 
 135 
 584 
 134 
 585 
 134 
 585 
 134 
 585 
 133 
 585 
 133 
 585 
 133 
 584 
 132 
 584 
 132 
 584 
 132 
 584 
 131 
 584 
 131 
 584 
 131 
 584 
 130 
 583 
 130 
 583 
 130 
 583 
 129 
 583 
 129 
 582 
 129 
 582 
 128 
 582 
 128 
 581 
 128 
 581 
 127 
 581 
 127 
 580 
 127 
 580 
 126 
 579 
 126 
 579 
 126 
 578 
 125 
 578 
 125 
 577 
 125 
 577 
 125 
 576 
 124 
 575 
 124 
 575 
 124 
 574 
 123 
 573 
 123 
 573 
 123 
 572 
 122 
 571 
 122 
 570 
 122 
 570 
 122 
 569 
 121 
 568 
 121 
 567 
 121 
 566 
 120 
 565 
 120 
 564 
 120 
 563 
 120 
 562 
 119 
 561 
 119 
 560 
 119 
 559 
 119 
 558 
 118 
 557 
 118 
 556 
 118 
 555 
 118 
 554 
 117 
 553 
 117 
 552 
 117 
 551 
 117 
 549 
 116 
 548 
 116 
 547 
 116 
 546 
 116 
 544 
 116 
 543 
 115 
 542 
 115 
 540 
 115 
 539 
 115 
 538 
 114 
 536 
 114 
 535 
 114 
 534 
 114 
 532 
 114 
 531 
 114 
 529 
 113 
 528 
 113 
 526 
 113 
 525 
 113 
 523 
 113 
 522 
 112 
 520 
 112 
 518 
 112 
 517 
 112 
 515 
 112 
 513 
 112 
 512 
 111 
 510 
 111 
 508 
 111 
 507 
 111 
 505 
 111 
 503 
 111 
 502 
 111 
 500 
 110 
 498 
 110 
 496 
 110 
 494 
 110 
 493 
 110 
 491 
 110 
 489 
 110 
 487 
 110 
 485 
 110 
 483 
 109 
 481 
 109 
 479 
 109 
 477 
 109 
 475 
 109 
 473 
 109 
 471 
 109 
 469 
 109 
 467 
 109 
 465 
 109 
 463 
 109 
 461 
 109 
 459 
 108 
 457 
 108 
 455 
 108 
 453 
 108 
 451 
 108 
 449 
 108 
 447 
 108 
 445 
 108 
 443 
 108 
 440 
 108 
 438 
 108 
 436 
 108 
 434 
 108 
 432 
 108 
 429 
 108 
 427 
 108 
 425 
 108 
 423 
 108 
 421 
 108 
 418 
 108 
 416 
 108 
 414 
 108 
 412 
 108 
 409 
 108 
 407 
 108 
 405 
 108 
 402 
 108 
 400 
 108 
 398 
 108 
 395 
 108 
 393 
 108 
 391 
 108 
 388 
 108 
 386 
 108 
 384 
 108 
 381 
 109 
 379 
 109 
 377 
 109 
 374 
 109 
 372 
 109 
 370 
 109 
 367 
 109 
 365 
 109 
 362 
 109 
 360 
 109 
 358 
 109 
 355 
 109 
 353 
 109 
 350 
 110 
 348 
 110 
 346 
 110 
 343 
 110 
 341 
 110 
 338 
 110 
 336 
 110 
 333 
 110 
 331 
 111 
 329 
 111 
 326 
 111 
 324 
 111 
 321 
 111 
 319 
 111 
 317 
 111 
 314 
 112 
 312 
 112 
 309 
 112 
 307 
 112 
 304 
 112 
 302 
 112 
 300 
 113 
 297 
 113 
 295 
 113 
 292 
 113 
 290 
 113 
 288 
 113 
 285 
 114 
 283 
 114 
 280 
 114 
 278 
 114 
 276 
 114 
 273 
 115 
 271 
 115 
 268 
 115 
 266 
 115 
 264 
 115 
 261 
 116 
 259 
 116 
 257 
 116 
 254 
 116 
 252 
 117 
 249 
 117 
 247 
 117 
 245 
 117 
 242 
 118 
 240 
 118 
 238 
 118 
 236 
 118 
 233 
 119 
 231 
 119 
 229 
 119 
 226 
 119 
 224 
 120 
 222 
 120 
 220 
 120 
 217 
 120 
 215 
 121 
 213 
 121 
 211 
 121 
 209 
 121 
 206 
 122 
 204 
 122 
 202 
 122 
 200 
 123 
 198 
 123 
 196 
 123 
 193 
 124 
 191 
 124 
 189 
 124 
 187 
 124 
 185 
 125 
 183 
 125 
 181 
 125 
 179 
 126 
 177 
 126 
 175 
 126 
 173 
 127 
 171 
 127 
 169 
 127 
 167 
 128 
 165 
 128 
 163 
 128 
 161 
 129 
 159 
 129 
 157 
 129 
 155 
 130 
 153 
 130 
 151 
 130 
 149 
 131 
 147 
 131 
 146 
 131 
 144 
 132 
 142 
 132 
 140 
 132 
 138 
 133 
 137 
 133 
 135 
 133 
 133 
 134 
 131 
 134 
 130 
 134 
 128 
 135 
 126 
 135 
 125 
 135 
 123 
 136 
 122 
 136 
 120 
 136 
 118 
 137 
 117 
 137 
 115 
 138 
 114 
 138 
 112 
 138 
 111 
 139 
 109 
 139 
 108 
 139 
 106 
 140 
 105 
 140 
 103 
 140 
 102 
 141 
 101 
 141 
 99 
 142 
 98 
 142 
 97 
 142 
 95 
 143 
 94 
 143 
 93 
 143 
 92 
 144 
 90 
 144 
 89 
 145 
 88 
 145 
 87 
 145 
 86 
 146 
 84 
 146 
 83 
 146 
 82 
 147 
 81 
 147 
 80 
 148 
 79 
 148 
 78 
 148 
 77 
 149 
 76 
 149 
 75 
 150 
 74 
 150 
 73 
 150 
 72 
 151 
 72 
 151 
 71 
 151 
 70 
 152 
 69 
 152 
 68 
 153 
 68 
 153 
 67 
 153 
 66 
 154 
 65 
 154 
 65 
 154 
 64 
 155 
 63 
 155 
 63 
 156 
 62 
 156 
 62 
 156 
 61 
 157 
 61 
 157 
 60 
 157 
 60 
 158 
 59 
 158 
 59 
 159 
 58 
 159 
 58 
 159 
 57 
 160 
 57 
 160 
 57 
 160 
 56 
 161 
 56 
 161 
 56 
 162 
 56 
 162 
 55 
 162 
 55 
 163 
 55 
 163 
 55 
 163 
 55 
 164 
 55 
 164 
 55 
 164 
 55 
 165 
 54 
 165 
 54 
 165 
 54 
 166 
 54 
 166 
 55 
 166 
 55 
 167 
 55 
 167 
 55 
 168 
 55 
 168 
 55 
 168 
 55 
 169 
 55 
 169 
 56 
 169 
 56 
 170 
 56 
 170 
 56 
 170 
 57 
 171 
 57 
 171 
 57 
 171 
 58 
 172 
 58 
 172 
 59 
 172 
 59 
 172 
 60 
 173 
 60 
 173 
 61 
 173 
 61 
 174 
 62 
 174 
 62 
 174 
 63 
 175 
 63 
 175 
 64 
 175 
 65 
 176 
 65 
 176 
 66 
 176 
 67 
 176 
 68 
 177 
 68 
 177 
 69 
 177 
 70 
 178 
 71 
 178 
 72 
 178 
 72 
 178 
 73 
 179 
 74 
 179 
 75 
 179 
 76 
 179 
 77 
 180 
 78 
 180 
 79 
 180 
 80 
 180 
 81 
 181 
 82 
 181 
 83 
 181 
 84 
 181 
 86 
 182 
 87 
 182 
 88 
 182 
 89 
 182 
 90 
 183 
 91 
 183 
 93 
 183 
 94 
 183 
 95 
 184 
 97 
 184 
 98 
 184 
 99 
 184 
 101 
 184 
 102 
 185 
 103 
 185 
 105 
 185 
 106 
 185 
 108 
 185 
 109 
 186 
 111 
 186 
 112 
 186 
 114 
 186 
 115 
 186 
 117 
 186 
 118 
 187 
 120 
 187 
 121 
 187 
 123 
 187 
 125 
 187 
 126 
 187 
 128 
 188 
 130 
 188 
 131 
 188 
 133 
 188 
 135 
 188 
 137 
 188 
 138 
 188 
 140 
 189 
 142 
 189 
 144 
 189 
 146 
 189 
 147 
 189 
 149 
 189 
 151 
 189 
 153 
 189 
 155 
 190 
 157 
 190 
 159 
 190 
 161 
 190 
 163 
 190 
 165 
 190 
 167 
 190 
 169 
 190 
 171 
 190 
 173 
 190 
 175 
 190 
 177 
 190 
 179 
 191 
 181 
 191 
 183 
 191 
 185 
 191 
 187 
 191 
 189 
 191 
 191 
 191 
 193 
 191 
 195 
 191 
 198 
 191 
 200 
 191 
 202 
 191 
 204 
 191 
 206 
 191 
 208 
 191 
 211 
 191 
 213 
 191 
 215 
 191 
 217 
 191 
 220 
 191 
 222 
 191 
 224 
 191 
 226 
 191 
 229 
 191 
 231 
 191 
 233 
 191 
 235 
 191 
 238 
 191 
 240 
 191 
 242 
 191 
 245 
 191 
 247 
 191 
 249 
 191 
 252 
 191 
 254 
 191 
 256 
 191 
 259 
 190 
 261 
 190 
 264 
 190 
 266 
 190 
 268 
 190 
 271 
 190 
 273 
 190 
 275 
 190 
 278 
 190 
 280 
 190 
 283 
 190 
 285 
 190 
 287 
 189 
 290 
 189 
 292 
 189 
 295 
 189 
 297 
 189 
 299 
 189 
 302 
 189 
 304 
 189 
 307 
 189 
 309 
 188 
 312 
 188 
 314 
 188 
 316 
 188 
 319 
 188 
 321 
 188 
 324 
 188 
 326 
 187 
 329 
 187 
 331 
 187 
 333 
 187 
 336 
 187 
 338 
 187 
 341 
 186 
 343 
 186 
 345 
 186 
 348 
 186 
 350 
 186 
 353 
 185 
 355 
 185 
 357 
 185 
 360 
 185 
 362 
 185 
 365 
 184 
 367 
 184 
 369 
 184 
 372 
 184 
 374 
 184 
 377 
 183 
 379 
 183 
 381 
 183 
 384 
 183 
 386 
 183 
 388 
 182 
